-0.904226	0.71165	0
1.2782	0.866479	1
-1.09575	-0.312435	1
-1.01335	1.48358	1
0.591004	-0.347403	0
0.75808	-1.15661	1
-0.376033	0.362146	0
0.083725	0.476624	0
0.680146	-0.70949	1
-0.434462	1.38834	1
0.940832	0.620093	0
0.29283	-1.42555	1
0.303704	-0.532185	0
1.22532	0.423724	1
1.28613	0.797785	1
1.25649	-1.07693	1
0.884813	0.60747	0
0.182814	0.628872	0
0.15455	-0.631829	0
-0.10555	-0.809445	0
0.355629	-0.8098	1
0.942443	-0.226802	1
-0.649812	0.975706	0
-1.25287	-0.140119	1
0.917282	-0.602191	1
-1.26695	0.352924	1
1.40368	1.28293	1
0.173731	-1.10829	1
-0.411363	0.565553	0
0.129926	-0.836897	0
0.953627	1.31629	1
-0.826758	0.744334	0
-0.634468	1.13545	0
0.800968	-0.072106	0
1.02656	-1.28299	1
-0.819572	1.16828	1
0.91947	-0.734753	1
1.26465	1.41624	1
-0.66097	-1.03254	1
1.38528	0.825098	1
0.673041	1.12779	0
1.18628	1.31025	1
0.577292	1.15558	0
0.568683	-1.46294	1
-0.295123	-0.278133	0
-0.037718	1.09452	1
0.593389	0.990511	0
-1.04919	-0.516009	1
0.287511	0.187774	0
0.443413	-0.466942	0
0.706031	-1.30164	1
1.30864	0.253157	1
0.915697	0.81046	0
-1.16367	1.23689	1
1.07091	1.47794	1
1.3452	0.57922	1
-1.16569	-1.43964	1
0.916946	-1.3094	1
0.302921	-0.402536	0
1.44199	-1.20604	1
-0.54171	-1.40175	1
-0.135429	1.27415	1
1.06665	0.755142	0
-1.32919	-0.884054	1
0.69647	-1.29348	1
-0.74231	-0.779152	1
0.670146	0.771717	0
0.688918	-0.347353	0
0.418615	-0.315179	0
1.09235	0.285577	0
-1.00486	1.30507	1
-0.062073	-0.821945	0
0.095038	-1.08379	1
-1.15141	1.35337	1
1.43957	-1.36906	1
-1.46505	1.10762	1
1.38763	1.25838	1
-0.797685	-1.23653	1
1.1469	1.42803	1
-0.775965	0.980504	0
1.10621	0.937575	1
1.20991	0.036193	1
0.024432	1.37398	1
-1.3215	-0.986159	1
0.029232	1.30627	1
0.043953	0.7395	0
1.20364	1.09851	1
-1.04922	-0.693986	1
1.04218	-0.267475	1
-1.23616	0.915078	1
-1.44443	-0.906994	1
0.121315	-0.785487	0
1.3293	0.829568	1
1.25918	-0.071488	1
-1.13847	1.24821	1
0.607848	-0.957272	1
-0.373662	-0.012836	0
-1.38348	-1.15374	1
-0.159444	1.49576	1
-0.269998	0.908195	0
-0.071046	0.759046	0
1.21872	-0.256714	1
-0.491998	-0.490845	0
0.892836	-0.039933	0
0.598535	1.31145	1
0.734082	0.921265	0
1.14383	0.892457	1
1.06167	1.46591	1
-1.0003	-0.213245	1
-1.22849	0.284663	1
-0.853516	0.525535	0
1.0851	-0.208328	1
-1.32357	0.581232	1
-0.610433	0.952474	0
1.01504	1.06268	1
-1.42445	-0.840727	1
0.03404	-1.40902	1
-0.671466	-0.511474	1
-0.206874	-0.367476	0
-0.051659	0.314772	0
-0.856545	0.783537	0
0.259853	0.287313	0
-0.045223	-0.214221	0
0.465879	-0.145805	0
-1.40437	0.951875	1
1.14677	-1.24974	1
-0.277648	1.33302	1
-0.305809	0.058751	0
0.845874	-0.130929	0
-1.22674	0.500447	1
0.383148	-0.011883	0
-0.098112	1.07171	0
-1.25005	-0.594716	1
-0.828744	-0.857869	1
1.2579	-0.45873	1
1.13035	0.633755	0
-1.25399	-0.340971	1
-0.540101	-0.402538	0
0.88365	0.764112	0
-0.082136	0.277203	0
0.880606	-0.003119	0
1.25205	0.009368	1
0.132737	0.140655	0
0.199765	0.033704	0
0.371811	0.381821	0
-0.520647	-0.934404	1
-1.04319	0.330592	0
-1.05031	0.613942	0
0.644906	-0.318183	0
-1.1208	-0.723773	1
-1.22395	0.401002	1
1.31212	-0.024483	1
0.792519	-0.488385	1
-0.243102	0.261099	0
0.181513	0.071434	0
0.704956	1.24132	1
0.117644	1.04862	0
1.10639	0.786355	1
-0.920974	-0.446142	1
-0.241532	0.453054	0
-1.39006	-1.45152	1
-0.445699	0.117631	0
-1.49555	0.513128	1
-1.48953	0.157814	1
0.83962	-0.929518	1
-0.157561	-1.20593	1
-0.880561	0.273208	0
0.498157	-1.36624	1
0.869907	1.0352	0
-1.24874	-0.706673	1
-0.815494	0.804308	0
0.472288	1.49174	1
-0.073167	1.33674	1
0.729993	0.855858	0
0.801972	-1.39118	1
0.340565	-1.27063	1
0.403465	1.19219	0
0.679881	-0.166183	0
0.806691	1.12564	0
-0.256607	-1.20747	1
0.258279	-0.024295	0
-1.07628	-0.461091	1
1.28311	1.01233	1
0.022571	-0.977725	1
0.308215	-0.218632	0
-0.00288	1.38013	1
-0.429893	1.02363	0
-0.697061	-1.29211	1
-0.745092	-0.978512	1
0.975852	-1.17378	1
0.006204	-0.355957	0
-0.408655	0.816195	0
0.932512	-0.557172	1
-1.40783	1.31878	1
-0.014667	-0.710047	0
-1.33976	-0.43792	1
-1.18017	-0.193333	1
0.100853	0.603693	0
1.062	0.153104	0
0.059561	-0.50567	0
-1.45799	0.724875	1
0.34005	1.37916	1
0.403487	1.28122	1
0.034086	-1.31529	1
-1.10941	-0.338628	1
-0.094506	-0.182482	0
0.503189	1.18988	0
1.14492	-0.582499	1
0.641728	-0.550366	1
0.796323	-0.679702	1
-0.464347	-0.468117	0
0.013283	0.854626	0
0.82094	-0.360934	1
-1.08249	-1.09651	1
0.944361	-1.3253	1
-0.510354	-1.16471	1
-0.922862	-1.48109	1
1.00549	-0.657312	1
1.48795	-0.057427	1
1.0694	1.24712	1
1.25052	-0.599203	1
0.911805	-0.554936	1
-0.774167	-1.0268	1
0.976038	-1.34927	1
1.01817	1.27121	1
-0.644464	0.110546	0
0.486485	1.41182	1
-0.635483	1.36273	1
1.36955	-1.01588	1
1.25095	0.591024	1
1.19171	-0.858638	1
0.1603	0.153901	0
0.093817	1.48848	1
-0.252133	0.974561	0
-0.378984	1.45283	1
-1.46671	-0.14023	1
-0.822548	-0.017356	0
-1.36638	-0.756554	1
0.682897	0.522598	0
-1.04095	-0.8187	1
1.17085	-1.47218	1
1.30798	1.16623	1
-0.584116	-1.46419	1
0.738313	1.41532	1
0.893208	-0.64063	1
-1.20057	1.04	1
-0.850481	-1.42305	1
0.11292	-0.940005	1
0.938338	0.06327	0
1.1883	0.705095	1
1.30302	-0.764344	1
0.692615	1.44257	1
-0.402351	-0.495474	0
1.12278	-0.185854	1
-0.952817	0.759018	0
-1.31633	-1.02557	1
-0.949991	0.842746	0
1.21782	-0.367565	1
1.12671	1.29773	1
0.301068	0.992655	0
0.416386	-1.32334	1
-0.010253	-0.666473	0
-0.095338	1.46239	1
0.321222	-0.026813	0
0.532887	1.47655	1
-1.46236	-0.845109	1
1.41053	1.1373	1
-0.011758	-1.16227	1
1.03326	-0.35486	1
-1.44794	-0.079356	1
0.09981	-0.119271	0
0.87514	-0.478721	1
0.860198	-0.455678	1
0.729519	-0.93998	1
-0.741191	1.33162	1
-1.04945	-0.319235	1
0.641516	0.22941	0
0.804977	-0.636554	1
1.23805	1.09868	1
-0.913891	-0.61941	1
0.946112	-0.962049	1
-0.716679	-0.437523	1
0.595429	1.34001	1
-0.527709	-0.83047	1
1.30131	-0.883421	1
-0.962528	-0.28965	1
-0.309301	-0.074424	0
0.412036	-0.925349	1
0.407769	0.393113	0
1.00687	-1.34193	1
0.378513	-0.610886	0
-1.41022	-1.29855	1
-1.2126	-0.508754	1
-0.137129	0.007304	0
0.888418	-1.25999	1
-1.22285	-0.917376	1
0.433493	0.471812	0
-1.10978	-0.108338	1
0.731358	1.42773	1
-1.2346	-1.11576	1
0.665471	0.905391	0
-1.17174	-0.510571	1
-0.171919	-0.555945	0
-0.404192	0.388989	0
1.00724	1.09878	1
0.545173	-0.825986	1
-0.710714	-0.238734	0
-0.987417	0.069987	0
-0.813096	0.852255	0
-0.458748	1.19688	0
-1.41117	0.366149	1
-1.22954	1.40103	1
0.996159	0.619846	0
0.593606	1.09299	0
-1.29771	-1.25194	1
1.4885	-0.360414	1
-0.493295	-1.05655	1
0.272428	1.05825	0
0.980444	-1.18447	1
0.530402	-0.845395	1
-0.924816	1.29471	1
-0.861031	-1.4951	1
-0.513074	-0.997561	1
-0.567328	0.390505	0
0.117312	-1.31882	1
-0.460921	-0.859067	1
1.1025	-0.471065	1
-0.157255	0.39138	0
-0.337468	-0.131171	0
0.645605	0.637735	0
-1.4337	-0.991909	1
-0.17047	0.365831	0
-1.1401	0.691626	1
1.33206	1.26528	1
0.897249	0.147539	0
0.326556	0.089121	0
1.23393	1.00299	1
-1.15113	-0.23894	1
-1.05056	-1.44601	1
1.44091	0.201275	1
1.03801	-0.540852	1
0.637312	0.788475	0
-0.188867	-0.500252	0
-0.066702	0.560772	0
0.743237	1.18782	0
0.531277	-0.638105	1
-1.16138	0.963805	1
-0.188604	-0.973131	1
0.393003	0.320154	0
0.510009	-0.336297	0
-1.44704	-0.912607	1
0.569283	-1.32942	1
-1.37083	-1.37252	1
1.47194	1.19749	1
0.304912	-1.06121	1
0.899746	0.483245	0
-0.080172	0.852153	0
1.45505	0.114617	1
0.075743	1.42763	1
0.293851	-0.949333	1
0.460165	1.40565	1
-0.888564	0.766064	0
-1.01706	1.0333	1
1.36539	0.850053	1
0.76051	-0.392682	1
0.76498	0.267575	0
-0.828491	0.145833	0
-0.110102	1.4759	1
0.558052	0.735396	0
0.12137	-0.804013	0
-0.740221	0.625172	0
-1.02186	0.072416	0
0.110532	1.34624	1
1.42607	0.665179	1
-1.25921	-1.1044	1
0.165139	-0.778858	0
-1.16088	1.45803	1
0.921623	-1.25358	1
-1.18072	-0.243712	1
-0.14841	0.506125	0
-1.24454	0.076306	1
-0.081657	0.142886	0
-0.047265	-1.16946	1
-1.42013	-0.095321	1
-0.098584	0.844016	0
-0.691167	1.19704	0
1.46685	0.311124	1
0.019798	-0.505183	0
-1.21438	0.408701	1
0.777442	1.07301	0
0.109931	1.11129	0
-1.13843	0.560604	0
-1.419	-1.2407	1
1.21808	-0.00796	1
0.790585	-1.24195	1
0.82749	-0.6247	1
-0.716397	-0.403458	0
1.2411	-0.571624	1
0.999285	1.28062	1
0.635887	-0.05117	0
-0.331974	-0.70793	0
1.22731	-1.12248	1
1.45379	1.43806	1
-0.491183	-0.729706	1
-0.87342	-0.634355	1
-0.483081	-0.066885	0
-0.096714	0.124612	0
-0.872988	-1.04604	1
-1.38964	-0.821446	1
0.251399	0.030318	0
-0.590562	0.045794	0
0.577875	0.409312	0
-1.22338	0.772271	1
0.538999	-0.645746	1
0.451315	0.75387	0
0.669116	-0.645922	1
-1.24269	-0.440835	1
0.594195	-0.184102	0
1.08226	-1.29955	1
0.380163	1.13696	0
-0.723295	0.678143	0
-0.55409	-1.28091	1
-0.648704	-1.45699	1
-0.746794	-0.031529	0
1.34411	1.19235	1
1.08056	1.48683	1
1.48879	1.33391	1
-0.0581	1.22947	1
-0.165662	1.21413	1
-1.33048	-0.440819	1
0.936475	-0.880111	1
0.302296	-0.270549	0
-0.177335	-0.360233	0
-0.749048	1.17122	0
-1.14261	0.004679	1
-0.414126	-0.950198	1
0.913061	-1.31467	1
0.373259	0.653607	0
-1.28873	-0.876926	1
-0.500778	-0.296929	0
0.560425	-0.884734	1
0.502605	-1.22639	1
1.15547	1.42366	1
0.444209	0.149049	0
0.701488	0.086048	0
-1.25268	-1.47291	1
-0.791147	0.290428	0
0.016064	-0.001603	0
0.902584	1.35191	1
-1.10534	0.675093	0
-0.68042	-1.4958	1
1.29245	-1.06994	1
-0.278537	-1.30444	1
0.059184	-1.35466	1
-0.877506	-1.22013	1
-1.36081	0.293883	1
0.178583	0.052006	0
1.08571	-0.013464	1
-0.444778	-0.971851	1
-0.643759	-1.13394	1
0.214257	1.03794	0
0.207831	1.38786	1
-0.928535	0.727924	0
0.620809	0.128741	0
-0.456042	1.21091	0
-0.642162	0.511239	0
0.203993	-0.638545	0
1.38494	0.247379	1
0.089621	-1.10269	1
1.02044	0.369319	0
0.516819	1.08935	0
1.15945	1.31297	1
1.34696	-0.314256	1
-1.44837	-0.780533	1
0.673145	-0.991304	1
-1.32504	0.379987	1
-0.117682	-0.753451	0
-0.326176	0.242769	0
0.60517	1.21975	0
1.43914	1.19895	1
1.0909	1.02874	1
-0.360322	0.00593	0
-0.673697	-0.190398	0
-0.369931	-0.005999	0
-0.353919	-1.03084	1
1.09717	1.3099	1
-0.584142	-1.27842	1
0.936977	-0.603152	1
-1.14449	0.621874	1
-1.36537	-0.810883	1
-0.451725	0.650716	0
-0.097362	-0.628519	0
1.29451	-1.26233	1
0.597641	1.02109	0
-1.2238	-1.16284	1
-0.02828	-0.368268	0
-0.214591	-1.12749	1
0.405481	1.38735	1
0.41269	0.785829	0
-0.068628	-0.275933	0
-0.762469	1.03463	0
-0.659075	0.616973	0
1.47286	0.107083	1
-0.556115	0.112982	0
1.02772	-1.4635	1
-1.44999	1.31235	1
-0.119026	-0.785564	0
1.0942	-0.104576	1
-0.640249	-1.15387	1
0.819043	1.17414	1
-0.742457	1.11811	0
0.392437	-1.36084	1
-0.398685	-0.142975	0
-0.161295	-1.28706	1
-0.266527	1.43178	1
-0.862497	1.18943	1
-1.40204	-0.934154	1
-0.208923	-1.05723	1
-0.547764	-1.01112	1
-0.558598	0.009558	0
0.873925	0.569254	0
1.18771	-1.33056	1
-0.318975	-0.15951	0
-0.553691	1.36003	1
0.564289	1.28801	1
1.39954	0.751099	1
0.493112	-0.016727	0
-0.99818	-1.15605	1
-0.775353	-1.08585	1
-1.06802	0.368648	0
-1.38054	-1.02072	1
-0.954054	0.671102	0
0.125771	0.980201	0
0.803445	-0.029651	0
-1.17129	-1.48688	1
-0.670259	-0.380644	0
-0.122595	-1.19418	1
0.558787	-0.261128	0
-0.829841	-0.844576	1
-0.825061	0.876976	0
-0.437685	-1.15611	1
-0.952527	-0.783849	1
-0.972537	0.871308	0
0.557719	0.610598	0
1.04453	0.420819	0
-0.130568	0.107786	0
-0.416261	-0.041458	0
0.975393	-1.41663	1
-1.38055	0.698265	1
1.21743	-0.261586	1
1.06702	-0.021025	1
-1.4818	0.114754	1
1.15072	-0.544357	1
-1.36063	0.048961	1
0.151607	-0.371118	0
-0.138095	-1.01462	1
0.577425	0.499291	0
-0.234109	-1.08054	1
-0.344534	-1.40249	1
0.272758	1.15616	0
-0.670664	-1.1297	1
1.07586	0.501372	0
0.343457	1.26033	1
-1.19112	1.06855	1
-0.312904	-0.753277	1
-0.310473	-0.851358	1
-0.821866	1.35819	1
0.049106	0.075849	0
-0.721181	1.46703	1
1.46394	0.111766	1
-0.519762	-1.28067	1
-0.408293	-1.18912	1
-0.803962	0.43373	0
0.356485	-1.2047	1
0.773245	0.461664	0
0.574002	0.376875	0
-1.34127	0.440351	1
-0.505646	1.19234	0
0.194989	-1.20535	1
1.29922	0.257084	1
0.57949	0.740172	0
0.927997	0.82285	0
1.06018	1.33787	1
1.43979	-0.138051	1
0.28224	-0.357125	0
0.714214	1.24705	1
-0.778871	1.31266	1
-0.538193	0.913629	0
-0.969406	0.148219	0
-0.741427	-0.781833	1
-1.19219	-0.52414	1
0.611459	0.348907	0
-0.588893	-0.538054	1
-0.52608	0.953425	0
-1.09452	1.16058	1
-0.116061	-0.145013	0
-0.545188	-0.03617	0
-0.174041	0.094103	0
0.400492	1.18704	0
-0.046207	-0.014098	0
0.445784	-0.911388	1
-0.877884	-0.612386	1
-0.025073	0.230187	0
0.266066	0.612346	0
-1.13803	0.597692	1
-0.937148	-1.46257	1
1.21379	-0.498689	1
-1.00428	-0.940841	1
0.945983	0.04833	0
0.852269	1.45262	1
0.769186	0.320566	0
1.17566	-1.49759	1
1.40709	1.27593	1
0.478111	1.45113	1
0.083446	1.38331	1
-0.353037	-0.863817	1
0.025704	-1.18946	1
-1.16626	-0.5716	1
1.05637	0.41008	0
0.317522	0.257249	0
-0.887316	-1.27723	1
-0.296408	0.219817	0
1.0303	-0.049197	1
-0.642355	1.13403	0
-0.350311	-1.37934	1
-1.22466	0.606183	1
0.533226	1.29196	1
-0.154499	1.05122	0
0.534413	-1.30466	1
-1.13992	-1.27762	1
1.23308	0.501534	1
1.09496	1.03875	1
-1.33976	0.744859	1
0.534755	0.925343	0
-1.00381	-0.290251	1
-0.75319	0.175671	0
1.24067	1.04948	1
-0.666155	0.417656	0
-1.22125	1.39282	1
-1.46784	-0.154487	1
-1.24852	-0.948369	1
-0.179692	1.3211	1
1.3052	-0.016573	1
0.705064	-1.34863	1
-1.07313	0.711075	0
0.000956	1.38035	1
-1.22507	-1.06835	1
0.334795	-0.811504	1
-1.17643	-0.912848	1
1.0392	0.289888	0
0.982972	-1.35867	1
0.116565	0.21007	0
1.02313	-0.256626	1
0.467643	1.03716	0
1.49853	-0.006315	1
-0.544457	0.318382	0
-1.18605	-0.064918	1
-0.805201	0.445565	0
-0.103222	1.42779	1
-1.24547	-1.2109	1
-0.340539	0.747916	0
0.765006	0.496123	0
-0.67619	-0.663384	1
0.47344	1.09485	0
0.125398	-0.067936	0
0.917536	-0.10738	0
0.174128	-1.37974	1
0.770022	0.573312	0
0.810539	0.761636	0
-1.37095	1.48022	1
-1.44222	-0.134207	1
0.544466	-0.381149	0
-0.320623	1.3207	1
0.330421	-0.17332	0
0.485297	-1.34514	1
-0.014579	0.920544	0
0.952622	-0.888158	1
0.103388	0.011887	0
0.851538	0.418193	0
-0.43592	0.497049	0
0.847366	0.094075	0
-0.981683	-0.277717	1
1.32112	-0.75768	1
-1.08875	-1.33555	1
-0.040399	0.1202	0
0.475356	-0.89035	1
0.726674	-0.18644	0
0.989581	-1.29925	1
0.692179	-0.985797	1
-1.43987	-1.16668	1
-1.01268	-0.700121	1
-0.144122	-0.636749	0
0.295022	1.22606	1
-0.232877	-1.38034	1
0.027813	1.13815	1
-0.174504	0.674299	0
0.164418	0.085097	0
-1.23939	-0.507873	1
1.36555	0.25486	1
1.32971	0.331088	1
0.930549	0.218938	0
-0.37751	-1.24774	1
1.09194	-0.660578	1
0.523927	0.220452	0
-1.19818	-0.947509	1
-0.436935	0.916056	0
-1.12725	0.399687	0
0.498051	-0.285327	0
1.24056	0.413503	1
0.593459	-1.49202	1
-0.789245	0.433326	0
0.507581	1.2518	1
-1.32964	-0.188481	1
-0.570521	-1.01732	1
0.107939	0.198028	0
-1.46086	0.18502	1
-0.00322	0.404614	0
0.978799	-0.79673	1
0.413481	-1.39631	1
0.206837	-0.584691	0
-0.892566	-0.235614	1
1.07311	-1.26787	1
-0.572964	0.866092	0
1.49585	-1.30403	1
1.23595	-0.711454	1
-0.99863	1.12758	1
-0.821409	1.07422	0
-0.805863	0.39017	0
0.125106	1.34919	1
0.294021	-0.283957	0
1.17136	0.094186	1
-1.32015	0.963959	1
0.030274	-0.880797	0
-0.50226	-0.207072	0
-0.547212	0.263973	0
0.790158	-0.67983	1
-1.19261	0.873216	1
-1.43444	1.29855	1
-1.14885	-0.646807	1
-0.331693	-0.494166	0
0.73728	-1.12399	1
0.799396	-0.617978	1
-0.304494	1.27386	1
1.29731	-0.760246	1
-0.097538	-1.11905	1
0.757556	-1.09227	1
1.34807	-1.46638	1
-1.10583	-1.27861	1
1.23169	0.427	1
-0.867961	-0.07812	0
0.937845	0.784289	0
-0.678449	0.00789	0
-0.116614	-0.40172	0
-0.31762	0.302334	0
0.716552	0.305379	0
0.391146	-1.05246	1
-0.848765	-0.886499	1
0.489915	0.745483	0
-0.8278	1.22473	1
0.546234	-0.777844	1
-0.055653	1.19515	1
0.535238	-0.088082	0
0.38082	-1.08018	1
-0.412103	0.329784	0
-0.059427	0.238281	0
0.874426	-1.46484	1
-0.002196	1.21384	1
1.17197	1.05112	1
-1.30787	-1.19341	1
-0.289421	-1.4968	1
-0.748851	0.168657	0
0.422825	-0.716142	1
-0.71765	-0.92622	1
-1.08375	0.316996	0
0.784128	0.675327	0
-1.44476	-0.389093	1
-1.14824	-0.22326	1
0.440833	0.395719	0
1.37058	1.22159	1
1.16091	-1.20852	1
1.25495	-1.35409	1
-1.30794	0.51456	1
0.630881	0.984408	0
-0.193322	0.518041	0
-0.663288	-1.15252	1
-1.36598	1.34425	1
-0.688095	0.427133	0
-0.737298	-1.11351	1
0.602428	-0.976512	1
-0.925113	-0.748412	1
0.299332	-1.0487	1
0.628509	0.881308	0
1.35421	-0.67649	1
0.466383	0.776418	0
-0.917688	1.0504	0
1.47429	-0.464019	1
0.072478	-0.587249	0
0.034069	0.172395	0
-1.02717	-0.606691	1
-1.37962	-0.677032	1
-0.511145	-0.081829	0
1.21319	-1.13227	1
-0.850993	-0.932998	1
-0.810673	1.46788	1
1.28235	0.142967	1
0.415156	1.32115	1
-1.16893	0.699982	1
0.71112	-0.831376	1
0.127268	0.920198	0
1.01121	1.31824	1
0.993919	1.25176	1
-1.16426	0.913589	1
-0.218055	-0.418599	0
-0.578017	-1.15302	1
0.535145	0.75419	0
-1.16355	0.351655	1
0.794115	-0.874791	1
0.448535	1.02501	0
-0.731776	0.124604	0
0.076278	-0.696368	0
-0.946299	-0.56368	1
1.18185	-0.05974	1
0.851342	-0.248657	1
-1.22275	1.3296	1
-0.090865	0.002951	0
0.270766	0.922684	0
0.535589	1.48217	1
-1.18041	0.093348	1
-0.391753	-1.02127	1
0.887812	-0.995311	1
1.30491	-1.24453	1
1.05995	-0.519681	1
0.996627	-0.582156	1
0.835616	0.28543	0
-0.347471	-1.01541	1
-0.009263	-0.90201	0
0.591946	1.25962	1
-1.1243	0.796378	1
0.546289	-0.383536	0
0.442478	0.555859	0
-0.580316	-0.94601	1
0.908887	-0.771451	1
-0.928222	-0.870228	1
0.330799	0.003435	0
0.176128	-0.312232	0
-0.74579	1.31471	1
1.49012	-1.43912	1
0.65033	-0.911598	1
-0.272371	0.559461	0
-0.774501	-1.06598	1
-0.193631	-1.03187	1
0.651032	-1.22201	1
-0.277278	1.26966	1
-0.612619	1.03079	0
-0.037629	-0.276583	0
-0.05106	-0.261689	0
-1.23517	-0.873205	1
0.841756	1.33408	1
-0.56168	-1.16082	1
0.281622	0.924759	0
-0.457866	0.656302	0
0.334607	0.606045	0
-1.07894	1.13351	1
-0.008606	0.710359	0
-0.635677	1.4532	1
-0.257849	-0.101065	0
-0.76204	0.536085	0
-0.054442	-1.4653	1
-0.290477	0.430083	0
-0.785973	0.745791	0
-1.09754	1.29507	1
1.01124	-0.16664	1
-1.14507	0.256978	1
-0.751347	1.18377	0
-0.314949	-0.741079	0
-0.502305	-1.3046	1
-1.16842	0.002755	1
1.19998	-1.32463	1
0.87675	-0.939145	1
1.10125	-0.50362	1
0.672715	1.39456	1
-0.545434	0.999767	0
1.06977	-0.509368	1
-0.611455	-1.00188	1
-1.32404	-0.776901	1
-0.000955	0.627687	0
0.416012	-0.214172	0
-0.021799	-1.10301	1
1.1187	0.825572	1
0.38992	-1.3593	1
1.45761	0.64362	1
-1.16306	-0.909832	1
-1.09844	0.609502	0
-1.3382	-0.967666	1
0.673798	0.138283	0
1.42386	-0.982927	1
-0.482256	-1.34094	1
-1.13005	1.4476	1
0.588238	-0.746288	1
1.45456	-0.438346	1
-0.604166	-1.03595	1
-1.32025	1.19711	1
-0.195077	-0.313803	0
-1.3834	-0.449929	1
0.773685	-0.234299	0
0.326296	1.31594	1
0.630494	1.16234	0
0.988292	-0.767904	1
1.36258	0.954212	1
0.292987	-0.272504	0
-0.825606	1.42154	1
-0.108073	-0.534672	0
0.332107	-0.774711	1
-0.016454	1.39616	1
-1.11009	-0.412666	1
-1.15983	0.239119	1
0.514558	-0.190669	0
0.67443	1.45842	1
-0.858701	-0.950828	1
1.3883	1.44346	1
0.737647	-0.231181	0
-0.941905	-0.539507	1
-0.383564	1.41042	1
1.16146	0.414988	1
-1.10211	-1.361	1
0.685373	-0.918317	1
-1.23922	0.409602	1
0.284746	-0.761146	0
0.685714	1.47101	1
0.950682	-0.255254	1
-0.881897	0.896288	0
0.173653	-0.300828	0
0.915303	-0.547793	1
-1.40344	1.15816	1
-1.178	0.922844	1
0.719365	1.28958	1
0.72423	0.237736	0
0.85376	1.31353	1
-0.530926	0.628289	0
0.592329	-0.762925	1
0.98109	1.2122	1
-0.097193	0.644899	0
1.27259	1.18204	1
-0.138976	-0.654513	0
0.293118	1.38749	1
0.7934	-0.715777	1
-0.789914	-0.441703	1
1.09224	-0.877172	1
-0.608461	1.13166	0
-1.30747	-0.568213	1
0.403464	-0.75731	1
0.179309	-0.035892	0
1.34661	-1.25754	1
-0.935803	1.37898	1
-1.13817	-0.09957	1
-0.126229	1.16026	1
-0.347745	-0.122403	0
-1.34693	-1.46155	1
-0.584698	0.484834	0
-0.804832	1.18091	1
-0.32446	-0.217081	0
-0.414494	-0.525404	0
1.02698	-1.44478	1
0.189718	-0.936881	1
1.10054	-1.1857	1
-1.36069	-0.717087	1
-1.06583	-0.098615	1
-0.819483	1.06056	0
0.595177	-1.33979	1
1.49647	0.321519	1
-0.898881	1.10955	1
1.37599	0.957105	1
-0.835739	0.04743	0
1.19216	1.37777	1
0.636013	0.289417	0
-0.708756	-0.828826	1
0.740985	0.296862	0
-1.20404	-0.586166	1
0.099194	1.15091	1
-0.440734	-1.09106	1
0.919679	0.608642	0
0.19434	0.404407	0
0.503256	0.995667	0
-0.192296	-1.00605	1
0.322246	1.29055	1
0.261112	0.990878	0
0.39666	0.284017	0
-0.082079	-0.14684	0
0.42363	0.420737	0
1.16295	-0.62224	1
1.34668	-0.7598	1
-0.38414	-0.169434	0
-0.170718	0.042029	0
1.3941	0.952611	1
0.311409	0.560344	0
-0.123558	0.514152	0
0.063956	1.23513	1
1.10294	0.886181	1
0.856258	-0.287782	1
-1.09562	0.642561	0
-1.13536	0.420097	1
1.01212	0.523628	0
-0.130901	-1.07144	1
0.737804	0.566236	0
0.49217	0.527024	0
-1.44137	-0.312536	1
-0.96922	0.502878	0
1.45548	0.371925	1
-0.991754	0.022087	0
-1.38072	1.39717	1
-0.281821	-0.851983	1
0.01454	-1.35468	1
-0.782706	-1.26496	1
-1.15557	1.32625	1
0.352052	-0.994182	1
-0.831161	0.227018	0
-1.00061	-1.35375	1
-0.387231	1.12015	0
1.37138	-0.64455	1
0.603458	-1.12463	1
-0.66719	0.329506	0
0.984095	-1.19065	1
0.637871	0.455424	0
1.41496	1.06505	1
0.962403	-0.694252	1
1.08426	1.41881	1
-0.838018	-1.06135	1
0.246369	1.32229	1
0.932721	0.193278	0
-0.333483	1.27892	1
0.409279	-0.990672	1
-0.608225	-0.202583	0
1.41729	0.426914	1
0.769506	0.998045	0
-0.307607	0.970493	0
0.904855	1.19858	1
1.2252	1.24856	1
0.591723	-1.33	1
0.541487	-0.971077	1
1.32123	-0.850177	1
0.069676	-0.553918	0
0.563099	0.324926	0
-0.640352	0.823745	0
0.510609	-0.528906	0
1.44185	0.347536	1
0.338213	-0.880917	1
1.37585	0.835991	1
0.1659	-0.867161	1
-0.790954	-0.294525	0
1.2551	-0.330861	1
0.219408	-0.154741	0
-0.06135	-0.235701	0
-0.129131	-0.740706	0
1.01947	0.490024	0
-0.293081	0.100801	0
0.586925	-0.802848	1
-0.320605	1.2458	1
1.41155	-1.25005	1
-0.673546	0.401239	0
-0.847436	-0.155547	0
-0.353907	1.39352	1
0.236977	0.486405	0
-0.362565	0.459443	0
0.707889	-1.45593	1
0.212528	0.544288	0
-0.542127	-0.608041	1
0.961085	0.030731	0
0.717318	-1.28522	1
1.34624	-0.410426	1
-0.566554	-0.515442	0
-1.27441	-0.249266	1
-0.290945	-1.11314	1
0.492141	1.15736	0
1.03394	-1.3605	1
-1.23757	0.178009	1
0.084513	1.3741	1
1.12533	1.47814	1
0.82653	0.402261	0
-1.33396	0.960656	1
-1.31035	0.503988	1
0.781807	-0.465126	1
0.746412	0.142311	0
0.566934	0.693722	0
1.35758	0.759756	1
-0.203097	-1.04581	1
0.756453	0.253187	0
1.15859	0.964315	1
-1.36715	1.41749	1
-0.974712	-0.322061	1
-0.787397	0.323226	0
-1.09878	-0.077331	1
1.26634	0.547834	1
-0.37075	-0.783689	1
-0.199525	-0.837159	1
-0.117686	-1.37007	1
-1.12315	-0.600862	1
0.380275	0.024198	0
0.210851	-0.917074	1
0.697319	1.02382	0
0.767793	-0.45286	1
0.539846	0.175532	0
0.740492	0.519693	0
-0.444932	-0.009697	0
-0.153806	1.35121	1
-1.4303	0.324605	1
-0.042713	-1.01465	1
-0.940095	1.2133	1
0.198905	0.641712	0
-1.48207	1.38739	1
-0.048515	0.038165	0
-1.40478	-0.232848	1
0.113725	-0.781137	0
-0.671945	0.955979	0
-0.680071	0.906361	0
-1.3625	-1.08755	1
0.153791	1.44245	1
-0.368969	-0.597923	0
0.543107	-1.18771	1
1.06511	-0.716993	1
0.575388	-0.292401	0
0.953963	-0.758742	1
0.26778	0.891237	0
-0.965433	1.31554	1
-0.338252	0.618799	0
-0.068491	-0.564035	0
-0.196764	-0.799967	0
0.415708	0.450698	0
-0.823452	0.287017	0
1.38872	-0.200598	1
-0.815901	-0.85159	1
-0.221634	0.957448	0
0.007739	-0.462262	0
-1.27023	0.66931	1
-1.38318	-0.926919	1
1.41163	-0.433976	1
-0.292106	0.041064	0
1.15542	0.957929	1
-1.10069	0.884905	1
0.216469	-0.411299	0
0.538293	-0.357232	0
0.8884	-0.02396	0
-0.683242	0.555705	0
1.21033	-0.442377	1
0.48491	0.958466	0
-0.616689	0.212439	0
-0.77533	0.81411	0
0.035856	1.16229	1
0.5711	1.34247	1
-1.22644	-0.183081	1
-1.39754	0.45988	1
0.15745	0.568412	0
0.151836	0.101918	0
-0.227416	1.08613	0
1.05846	1.4876	1
0.406305	1.48993	1
-0.78519	0.227933	0
0.005735	0.010536	0
-1.44989	-0.963668	1
0.481837	1.07733	0
-1.35597	-0.756934	1
-0.249128	1.0959	0
0.483148	0.527412	0
-0.592847	0.108184	0
-0.696158	-0.129406	0
0.616089	-0.342553	0
-0.267087	0.911235	0
-0.588544	-0.892202	1
0.092066	0.59004	0
-0.143302	1.15643	1
0.286415	-1.16186	1
-0.187196	-0.809215	0
1.409	-0.392342	1
0.326309	1.37694	1
0.074129	1.4201	1
-0.181185	-1.4483	1
-0.012101	0.021406	0
1.10273	-0.303444	1
-1.02	-0.479667	1
0.757013	-1.21339	1
0.691352	0.379164	0
1.23052	-1.30208	1
-0.749207	-1.46181	1
0.724662	-0.710932	1
-1.12404	1.30393	1
0.869453	0.167451	0
0.474951	1.22397	0
-0.818925	0.896253	0
0.966478	1.28839	1
-1.2363	-0.10973	1
1.13037	0.835291	1
-1.17913	-0.701744	1
0.59784	0.759001	0
0.729006	1.15498	0
1.22843	-0.556938	1
0.860439	-0.770971	1
-0.823249	-1.0631	1
-0.07934	1.10123	1
-1.36181	-0.278858	1
0.996068	0.615881	0
1.4278	0.840049	1
0.779535	-1.03229	1
-0.428311	1.20596	0
-1.31784	0.468967	1
-0.134445	-0.014528	0
-0.565978	-0.508494	0
-0.495778	0.181903	0
-0.195171	0.087623	0
1.23406	-0.475793	1
-1.11351	-0.743712	1
0.025974	1.40007	1
0.64804	-0.968933	1
1.34694	1.14508	1
0.115027	0.169122	0
0.500596	1.48298	1
-0.924606	-1.04006	1
0.720297	-1.14777	1
-0.535565	-0.730728	1
0.70464	0.112395	0
0.586082	-0.902666	1
1.20676	0.739026	1
0.778502	0.53915	0
-0.724236	-0.682195	1
0.049209	1.4747	1
-0.725721	-1.37855	1
-0.093241	1.37895	1
-0.250788	1.40201	1
0.894399	-0.210912	1
-1.28429	0.303119	1
-1.10851	0.877795	1
0.643051	-0.593198	1
-0.833956	-0.907498	1
-0.817009	1.41867	1
0.274308	1.1299	0
0.262009	-0.428349	0
-1.35755	0.008464	1
-0.539819	-0.315639	0
1.10048	1.24444	1
-1.28615	0.848123	1
-0.948964	0.087679	0
0.843243	-1.39549	1
1.35829	-1.20016	1
-1.45758	-1.38517	1
-1.22893	-0.027202	1
-1.44881	0.525978	1
0.139421	-0.963278	1
-1.06128	-1.39701	1
-0.954377	-0.885626	1
-0.825279	0.434975	0
1.15722	-0.641253	1
1.46187	-0.507859	1
-0.806102	-0.735272	1
1.07709	-1.14033	1
-0.243304	-0.512367	0
0.742801	1.37467	1
0.023054	-0.238392	0
-0.002421	0.023423	0
-0.042716	-0.479919	0
-0.37784	-0.973878	1
-0.864093	-1.18846	1
0.362205	1.15986	0
1.15083	-0.664286	1
0.112601	0.874478	0
-0.343443	1.45842	1
0.413775	0.682264	0
-0.159182	-1.11075	1
-0.698795	-1.28926	1
0.827988	0.099872	0
-1.39651	1.06932	1
0.231019	-0.417236	0
0.927232	0.254156	0
0.151081	-0.577068	0
0.188992	0.315906	0
-0.427024	-1.44347	1
1.41775	0.190538	1
-0.699558	1.38497	1
-0.098019	-0.583491	0
-1.11728	0.865374	1
0.004385	1.32647	1
-0.47886	-0.457185	0
0.093415	0.627633	0
1.15143	0.723396	1
-0.324017	1.18137	0
-0.384538	0.543496	0
-0.09645	0.111004	0
0.172726	-0.952501	1
-1.15975	-0.310902	1
1.03213	-0.697828	1
-0.463935	0.242143	0
-1.14555	-0.186952	1
-0.436524	-0.776065	1
-0.310869	-1.35085	1
-0.453558	0.858673	0
-0.464349	1.27816	1
1.35	0.564035	1
-0.214157	-0.208619	0
0.515086	-0.963243	1
0.95366	-1.39948	1
0.250447	-1.01938	1
-0.375403	0.245163	0
-1.01979	0.880148	0
-1.33355	0.05447	1
-1.13939	0.433227	1
0.888303	0.480572	0
0.136146	-0.303839	0
0.510186	-0.594836	0
-0.384608	0.204707	0
0.421784	0.928099	0
-1.41589	-0.486293	1
-0.353999	-0.469536	0
0.55776	0.939445	0
-1.34939	0.307774	1
-0.249885	0.061897	0
0.317621	1.13492	0
0.391492	1.43156	1
-1.32746	-0.587628	1
-0.532466	0.89571	0
-0.413783	-0.370661	0
1.18423	0.714537	1
0.755202	1.18327	0
-0.578232	-0.805766	1
1.05331	1.25452	1
-0.272968	0.836246	0
0.647861	-0.418353	0
-1.2488	1.32898	1
0.339963	1.26334	1
0.341773	0.244327	0
0.989601	0.966797	0
-1.44023	1.01013	1
-1.49156	-0.574348	1
0.702228	-1.44763	1
1.17478	1.32309	1
0.391037	0.813593	0
0.702627	-0.469361	1
0.217031	-0.889478	1
-0.285714	-0.655145	0
-0.592055	-0.895134	1
-1.07425	0.934287	1
-0.857233	1.04465	0
-0.724912	-0.259449	0
0.508613	-1.15117	1
0.60829	-0.120539	0
1.04003	1.48699	1
-1.38436	0.285361	1
-0.625224	0.235011	0
-0.824304	0.290822	0
0.220177	1.34003	1
-1.34063	-0.867157	1
0.115717	-1.31739	1
0.450891	0.510542	0
-0.397783	1.19499	0
-1.40704	0.10921	1
1.2174	0.474342	1
-0.319721	0.032118	0
0.881993	0.033344	0
0.474062	-0.248716	0
0.442956	0.633401	0
-1.40911	0.320603	1
1.32392	-0.97672	1
-0.986246	-0.769902	1
-0.492211	0.855978	0
-1.16562	-0.191392	1
-0.954592	-1.35046	1
-1.1037	1.20683	1
1.37742	0.472644	1
-0.168206	-1.09154	1
-0.34754	1.18341	0
0.166673	1.32959	1
-1.05944	-1.34403	1
-1.43091	-1.45086	1
1.18424	0.769697	1
0.009838	1.06352	1
-1.33669	0.135668	1
1.31475	-0.691062	1
0.949668	0.282242	0
-0.585651	-1.35885	1
0.962212	0.371124	0
-0.373121	0.794043	0
-1.15926	-1.17419	1
1.24302	0.001505	1
-0.295802	-0.431252	0
-0.850741	0.620995	0
-1.29006	0.870744	1
0.711083	-0.167862	0
-0.006478	0.51818	0
1.27627	-0.559546	1
-0.044622	1.06947	1
-0.471308	0.455731	0
1.13579	1.10173	1
1.11329	-0.14311	1
0.43142	0.928616	0
0.333703	-0.01769	0
0.824037	1.36461	1
1.45056	-1.27647	1
0.843927	0.193094	0
-0.511572	0.42776	0
1.1009	-1.27312	1
-0.601464	-0.233827	0
-1.03643	-1.43669	1
0.263026	-1.47978	1
1.02121	-0.927464	1
-1.11484	0.859392	1
1.13372	-1.4712	1
0.017548	-0.275828	0
0.496684	-1.20428	1
1.02179	-0.316231	1
-0.069009	1.07359	0
-1.25877	0.430947	1
1.1713	0.61628	1
-0.989915	-1.07689	1
1.32883	-0.235715	1
-1.48608	-1.28386	1
-0.310966	0.618312	0
-1.11674	-0.753228	1
-0.550563	1.39602	1
1.3834	-1.05209	1
-0.93442	1.08881	1
0.631127	0.014622	0
0.605813	-0.163283	0
0.702842	0.890175	0
0.038999	0.90117	0
0.503702	-0.187773	0
0.30244	-0.892642	1
1.42101	-0.523106	1
-1.15093	1.35581	1
0.073553	-0.662857	0
-0.831903	0.52271	0
-0.556575	0.105314	0
-0.42474	-0.736345	1
1.42155	0.155381	1
-0.618101	0.69647	0
1.45926	1.09743	1
-0.815991	0.095563	0
-0.891827	0.748982	0
-1.36023	-1.26861	1
-1.18583	-1.05573	1
-0.657544	-0.882694	1
-1.10599	1.26213	1
0.170408	-0.226723	0
-0.722755	1.01488	0
-1.1661	-0.851876	1
-1.42656	0.571645	1
-0.018305	-1.31212	1
1.28427	-0.605438	1
-1.28458	0.561717	1
-0.598479	0.934321	0
-1.35401	0.06749	1
-1.46283	-0.922086	1
-1.38805	-0.132631	1
-1.26958	-0.996125	1
-0.562043	-0.125882	0
-1.47232	-1.21424	1
-0.750085	-0.308745	0
0.805271	1.37297	1
1.28258	0.268054	1
-0.448286	0.157986	0
-0.493649	1.13746	0
-0.451703	-1.00497	1
0.580562	0.538773	0
1.38064	1.1831	1
1.12011	1.40209	1
-1.48381	1.19175	1
-0.404014	-1.25232	1
1.4273	0.080445	1
-1.39514	-1.42545	1
0.07676	-0.970328	1
-0.105237	0.199453	0
0.860736	-1.28098	1
0.5948	-0.084571	0
-0.39234	-1.23759	1
1.14061	-0.324108	1
-1.16781	-0.914588	1
0.192815	-0.115836	0
0.181387	-1.05061	1
0.234713	0.02812	0
0.451752	-0.217564	0
0.155793	-0.106313	0
-0.028857	-0.086823	0
-0.457195	0.46795	0
0.290494	-1.49769	1
-1.30078	-1.35813	1
0.913299	0.624243	0
1.25826	1.4408	1
1.04082	-0.715138	1
1.2542	1.43799	1
-0.225262	-1.26377	1
0.007935	-0.464052	0
-1.17063	-0.071013	1
0.302573	-0.310931	0
-1.33759	-0.836162	1
-0.522247	-0.543487	0
-0.704356	-0.942328	1
1.31249	-1.49016	1
0.413724	-0.7432	1
0.18367	1.02428	0
-1.13481	-1.11418	1
-0.338905	0.604461	0
1.2324	0.829848	1
-0.920571	-1.207	1
0.2875	0.80158	0
-0.00945	0.059758	0
-0.94352	-1.46273	1
0.224129	1.23952	1
0.394122	-0.598709	0
0.698749	-1.30409	1
-1.23545	1.0697	1
1.00587	-0.780308	1
-0.725265	0.095371	0
-1.42898	0.781056	1
1.16501	-0.398908	1
-0.926608	-0.262556	1
-0.870237	-0.127436	0
-0.195551	-0.153734	0
-0.814561	-0.254019	0
-0.312603	0.001225	0
-0.785134	0.553592	0
-1.0101	-1.17451	1
0.729978	-1.43906	1
0.228959	-0.518346	0
-0.634602	0.245476	0
0.038082	-0.479862	0
-1.23314	1.24365	1
0.634602	-1.46159	1
-0.408058	-1.35687	1
-0.707748	-0.041723	0
-1.44262	-1.22609	1
0.380411	-0.224222	0
1.41427	-1.38194	1
0.610959	-0.104536	0
0.317656	-0.352273	0
-0.010384	-1.22895	1
-0.408872	-1.48891	1
-0.655892	1.21854	0
-1.25953	0.746748	1
1.29899	0.767618	1
-0.535622	0.806874	0
0.067913	-1.30296	1
1.11907	-0.863091	1
0.764828	0.748346	0
0.565303	-0.160245	0
0.62943	0.751657	0
-0.392093	-1.19248	1
-1.36321	0.408628	1
1.29764	0.027413	1
-1.37858	0.399146	1
0.693987	0.119845	0
0.446117	-0.371423	0
0.527038	-1.16084	1
0.495109	1.19502	0
-0.14439	1.36825	1
-1.11267	-0.939244	1
-0.032406	0.627132	0
-0.552868	0.561034	0
-0.192525	0.747886	0
-0.047061	-1.4726	1
-0.078726	-0.602486	0
0.459565	-0.583199	0
-0.004521	1.07058	1
-1.40007	-0.740355	1
0.551209	0.969466	0
1.19668	1.29072	1
-1.11879	-0.065534	1
-1.03273	0.296416	0
-0.007343	0.951985	0
1.18991	-0.338219	1
-0.021289	-0.489602	0
0.770625	-0.089449	0
0.693723	0.714681	0
-0.972353	0.964189	0
-0.978451	0.119465	0
1.1541	-1.03547	1
1.13438	-1.37476	1
0.484032	-0.027665	0
-0.285522	-1.33008	1
-0.527202	0.623785	0
-1.252	-1.20912	1
-1.13941	-0.663797	1
-0.392905	-0.446485	0
-1.15383	0.200714	1
1.19803	-1.16218	1
-1.4975	-0.584709	1
-1.37894	0.222558	1
1.3524	0.805518	1
0.80536	0.240053	0
-0.232186	-0.652091	0
0.403457	0.276227	0
1.47269	-1.1924	1
-0.023336	1.1625	1
-1.18221	-0.53822	1
-0.245064	1.48091	1
-0.372552	-0.079918	0
1.10832	-1.08359	1
0.674486	-0.318936	0
0.426239	-1.47796	1
0.168173	0.554822	0
-0.402707	-0.13653	0
1.00142	-1.2475	1
1.07434	-0.594998	1
-0.179955	1.48616	1
-1.47815	-0.210202	1
-1.22514	0.025147	1
-0.832886	1.48585	1
-0.695442	-0.088081	0
1.26729	-0.048741	1
-1.07122	-0.215606	1
0.413762	1.06285	0
-0.680578	-0.439898	0
1.16084	-1.35382	1
1.01956	-0.667446	1
-1.22218	0.073686	1
-1.34393	0.30558	1
0.470886	0.870304	0
-1.35202	-1.41244	1
-1.02275	0.754823	0
-0.070444	-0.667208	0
-1.42536	0.903429	1
0.126202	0.502909	0
-0.54854	0.242491	0
0.068742	0.081369	0
-0.268647	-0.511359	0
-0.925288	-0.143053	1
-0.418112	-0.039091	0
0.194856	0.267696	0
-0.81004	-0.523914	1
-1.02046	-0.31302	1
-1.10227	-1.24135	1
0.469332	-1.06432	1
0.5882	-0.438322	0
-0.031574	0.137367	0
-1.43856	-1.39093	1
1.07381	0.31872	0
0.030105	0.288217	0
-1.00884	-0.249623	1
-1.22516	-0.962918	1
-1.39975	0.63452	1
-0.438991	0.599615	0
-0.068468	1.11693	1
-0.913489	-0.67648	1
-1.13342	1.49662	1
-0.035903	-1.29881	1
0.27555	1.48576	1
-1.27765	0.077959	1
0.668472	-1.24528	1
1.06921	1.07219	1
-0.156348	-0.519998	0
-0.642199	1.41521	1
-0.568268	1.24703	1
1.28045	-1.38035	1
-1.21088	-0.940292	1
0.75971	0.136591	0
-1.06743	0.393064	0
-0.89329	-1.18979	1
0.236497	0.945201	0
-1.32371	-1.3838	1
0.829102	-0.938432	1
-0.020041	0.110731	0
-1.24179	-0.456257	1
-1.47134	1.13967	1
-1.45919	0.808711	1
-0.886151	-0.212531	1
1.44812	-1.01959	1
-0.482771	0.466798	0
0.382808	-0.5792	0
-0.406391	-0.357608	0
-0.455772	0.360303	0
-0.63855	0.887803	0
-1.0774	-1.0289	1
-0.97121	1.42229	1
-0.083625	-0.704326	0
-0.595197	-1.38972	1
-1.22448	0.20611	1
0.397328	-1.28425	1
0.438179	0.89142	0
-1.13186	1.29474	1
1.04734	-0.979034	1
-0.361163	0.670138	0
-0.831802	-0.603537	1
0.356292	-1.18881	1
-0.090566	-0.389886	0
1.19066	-0.720153	1
0.890111	1.36197	1
-0.519085	-0.508455	0
-0.360463	-0.546383	0
0.356254	-0.007244	0
0.409465	-0.357061	0
1.08692	0.980328	1
0.816309	-0.859084	1
0.65074	-1.48246	1
1.05764	0.185351	0
-1.40366	0.124401	1
0.492444	-1.28587	1
0.023238	1.00164	0
0.5112	-1.43573	1
0.601655	1.33903	1
-1.21801	-1.18193	1
0.788976	0.122207	0
1.19265	-1.10143	1
0.289342	0.687131	0
-0.390102	1.35828	1
-0.779163	-0.490149	1
-0.860487	-0.443486	1
-0.254817	-1.0132	1
0.151613	-0.150258	0
-1.3894	-1.21941	1
-0.308574	-0.971925	1
-0.864969	-0.66418	1
-0.179838	0.069628	0
-0.608995	-0.86463	1
-0.630436	-1.48843	1
0.233501	-0.128511	0
0.56249	-0.547397	0
-0.97271	-0.102432	1
0.912541	-0.192251	1
-0.248678	-0.244076	0
0.635304	1.10354	0
1.46627	0.735701	1
1.16177	0.119195	1
-0.815573	0.899312	0
0.999073	1.00602	1
0.459157	0.80724	0
-0.407097	0.077941	0
-0.518461	-1.06847	1
0.094802	-0.325727	0
-0.743062	1.32037	1
-0.339181	-1.04257	1
-0.408622	0.981359	0
1.25293	-1.29249	1
-1.07428	-0.302242	1
0.658153	-0.818394	1
0.467113	1.06667	0
1.01908	1.01456	1
0.980501	0.478148	0
-1.40121	-1.08989	1
-0.885128	0.357937	0
0.957515	0.817034	0
1.01188	1.3922	1
-1.43131	-0.831749	1
1.10522	-0.668966	1
1.12486	0.472892	0
0.723562	0.118453	0
-1.25218	-0.077625	1
-0.599814	0.037739	0
0.009071	-0.635621	0
1.14966	0.070077	1
0.538107	-0.238987	0
1.17276	-0.654879	1
-0.731198	-0.084315	0
0.416035	-0.15406	0
0.243331	-0.345384	0
0.212277	-1.08052	1
-0.799219	-0.795935	1
-1.06813	-0.655943	1
-1.38913	-1.42175	1
0.511264	0.559754	0
-0.004355	-0.87349	0
-0.109439	-1.24052	1
0.050371	-0.984351	1
1.02369	0.071049	0
-1.42083	1.47375	1
0.729068	-1.48079	1
0.878983	0.986485	0
0.929231	-1.38304	1
-0.131377	-1.18186	1
0.000826	-0.526679	0
1.03982	-0.899233	1
0.712939	-0.310464	0
-1.36417	0.319262	1
0.53264	0.359083	0
-0.243323	0.102921	0
0.392997	-1.07962	1
-1.30974	-0.650362	1
1.3116	0.735445	1
0.590366	1.28543	1
-1.2554	-0.017671	1
-0.380019	-0.758749	1
-0.152149	1.26856	1
-0.988765	0.023705	0
0.304871	0.711381	0
1.32238	-1.08446	1
0.03624	0.392355	0
-0.277196	1.0932	0
-0.075321	-0.884844	0
1.08108	-1.28541	1
-0.673736	0.280173	0
-0.791001	-0.325297	1
1.07274	-0.324053	1
-1.37863	-0.006441	1
-0.248895	0.0947	0
-1.17697	0.938208	1
0.41114	0.450751	0
-0.839572	-1.32862	1
-0.66797	-0.066886	0
-0.571358	-1.01894	1
-1.01714	-1.07146	1
1.38079	0.809012	1
0.193216	0.03024	0
0.867678	0.046774	0
0.298398	-0.516475	0
-0.617679	0.979824	0
0.920039	0.559853	0
-0.199612	0.805466	0
0.661417	-1.41121	1
-1.17641	-1.05443	1
0.556983	1.15109	0
0.629107	-0.844143	1
-0.097483	0.457444	0
-0.630423	-1.43225	1
1.33852	0.811196	1
-1.09496	-0.985549	1
-0.056842	-1.39186	1
1.4109	-0.826975	1
1.32451	1.07776	1
-0.126493	-1.43301	1
0.653899	-0.468124	0
-0.396225	0.657456	0
0.524998	0.360905	0
0.033869	0.260159	0
-0.519341	0.493719	0
1.46362	-0.334679	1
-1.00809	0.333959	0
0.079197	-1.39967	1
0.621923	1.15454	0
-1.00018	1.24953	1
-0.382991	-1.18322	1
1.09435	-0.525924	1
0.864	-1.01316	1
0.986687	0.914968	0
1.18104	-0.151731	1
0.573276	-1.4306	1
-1.01439	1.14073	1
0.528638	0.41161	0
0.123206	1.02099	0
0.628869	0.668479	0
-0.700655	-1.01184	1
-1.26514	0.877479	1
-0.155564	0.629833	0
-0.822468	-0.125335	0
-0.100554	1.2993	1
-1.19446	-0.685292	1
-1.11401	0.859853	1
0.813046	-0.000429	0
-0.027696	-0.70481	0
0.412044	-0.714525	1
1.10966	0.266547	1
-1.17793	0.825487	1
1.45932	0.928882	1
-0.156842	1.18105	1
0.812103	-0.751866	1
0.124457	1.36458	1
1.06399	-0.03763	1
0.212152	0.759383	0
1.25995	-0.426937	1
-0.944335	0.810477	0
-1.23805	-0.092037	1
-1.1217	-1.18897	1
-0.412734	-0.523742	0
-0.853883	-0.237492	0
-1.06936	1.31404	1
0.522378	-1.17021	1
-1.1469	0.866878	1
-1.3292	-0.047892	1
-1.14536	0.002856	1
0.311126	-0.131317	0
0.549618	0.126483	0
0.347693	-0.122424	0
0.805173	-0.935775	1
-1.36857	-0.202536	1
0.037022	-0.781398	0
0.697539	-0.511506	1
0.825175	0.922232	0
0.158119	-0.2794	0
0.447797	1.25255	1
-0.200033	-1.35082	1
0.385269	-0.60647	0
-1.28002	0.628636	1
-0.175438	-1.11715	1
0.725237	1.39546	1
-1.47763	0.637342	1
1.25171	1.25016	1
0.595096	0.308589	0
0.834553	0.4622	0
1.17949	1.0819	1
0.251453	1.09707	0
0.152245	0.405183	0
-0.883024	0.3634	0
0.498844	-0.258198	0
1.25575	-0.743363	1
-0.236651	-1.18853	1
-1.23866	-1.32174	1
1.30878	0.821587	1
-1.38187	1.01655	1
0.383231	-1.14807	1
-1.43153	1.2675	1
1.46096	1.06518	1
-0.137469	-0.189822	0
1.10623	0.170628	1
-0.514215	-1.08183	1
-0.161032	0.611215	0
-0.852935	-1.3303	1
-1.42958	1.30716	1
1.41866	0.96797	1
-0.687795	-0.961602	1
-1.3319	0.433299	1
-0.948645	-1.14767	1
-0.427663	0.555036	0
1.48199	0.657512	1
0.915584	-0.280329	1
-0.192627	-0.256518	0
-0.975106	-1.35493	1
0.407276	-0.011046	0
-1.09901	1.49752	1
0.516278	-0.888228	1
0.582893	-1.01444	1
1.42926	1.36199	1
-0.351335	-0.483296	0
-0.779171	-1.08456	1
0.585138	-0.245724	0
-1.41628	-0.549614	1
0.950169	-1.13115	1
0.11739	0.424051	0
-0.852214	0.182424	0
-0.216805	-0.255421	0
-1.20547	0.215948	1
-0.675347	-0.931278	1
0.673278	0.050048	0
1.46276	0.645469	1
-1.34159	1.10147	1
-0.811975	-1.41503	1
0.01679	0.316066	0
-1.03734	-1.07929	1
-1.05164	-1.32624	1
0.15644	1.32971	1
0.679601	1.28073	1
-0.794961	-0.188165	0
0.512082	0.119088	0
0.927946	-1.09881	1
0.875149	-1.32716	1
-0.384954	1.34481	1
0.095419	-1.40693	1
-0.096036	1.49944	1
-0.371288	0.411068	0
1.15506	0.708264	1
-1.36266	-1.17206	1
-0.288939	-0.774616	1
-0.530211	1.1844	0
-1.45815	0.523616	1
0.33371	-1.14516	1
0.054029	-1.09805	1
-0.827302	-1.07105	1
1.48661	0.876211	1
-1.04572	0.910656	0
-0.282265	0.935896	0
-0.791198	1.18886	1
-0.108302	0.424883	0
1.10146	0.085798	1
-0.541448	0.630513	0
0.94104	-1.14313	1
-0.836953	0.471032	0
0.76336	-0.599605	1
-1.25233	-0.957796	1
1.4034	0.280224	1
-1.1938	0.535694	1
-1.13549	-0.402212	1
-0.187867	-0.072909	0
0.872953	0.553867	0
-0.177421	-0.277149	0
-1.06564	-0.675905	1
0.225243	0.199697	0
1.49931	1.0926	1
-0.911564	-1.44745	1
0.761697	-0.199153	0
-1.36759	0.045874	1
0.82007	1.21591	1
-0.199033	0.482636	0
-1.02163	-0.906619	1
-1.40815	1.06134	1
0.214816	-1.09888	1
0.63688	0.389717	0
0.989891	0.775158	0
1.00017	1.29445	1
0.529847	0.317572	0
-0.824427	1.41015	1
-0.055369	0.954792	0
1.27727	0.974631	1
1.22391	-1.31422	1
0.206874	-0.490277	0
-1.08874	-0.285148	1
1.0653	0.326104	0
1.01229	1.406	1
0.941792	-1.21371	1
0.036146	-0.280208	0
0.217323	-0.729109	0
1.32573	-0.828873	1
0.195552	-0.625673	0
-1.1525	0.792647	1
-0.047785	-0.925942	0
-0.350558	0.524955	0
-0.398129	0.618406	0
-0.758428	1.38663	1
-1.03591	0.371445	0
0.969671	1.27293	1
1.30421	-0.303205	1
-1.0822	1.45109	1
-1.44206	-1.39215	1
1.14634	-0.454593	1
-1.05277	1.04086	1
-0.249616	1.48237	1
0.942968	-0.228028	1
0.321717	0.556386	0
-1.04078	-0.093344	1
1.14126	1.32292	1
0.705548	0.652726	0
0.123211	-1.04007	1
0.195688	1.01404	0
-0.513107	-1.43406	1
0.251918	-0.172755	0
-1.2641	0.364586	1
0.273051	0.393442	0
-0.3802	-0.895234	1
-1.43132	-0.563194	1
0.232136	0.408311	0
-0.903972	0.362349	0
1.02411	-1.071	1
-1.06126	-0.765368	1
-0.753846	-0.104059	0
1.44204	0.315331	1
0.635435	-1.2952	1
0.684929	-0.477959	1
0.264907	-0.802866	1
-0.585898	0.215541	0
-0.59618	-0.690648	1
1.32262	1.15421	1
-0.583761	-0.570372	1
-0.985662	-0.642917	1
0.316728	1.09132	0
-0.066649	-0.847589	0
0.015578	1.06508	1
1.13841	1.27535	1
0.495527	-1.20519	1
0.713313	-0.186159	0
0.21747	0.127128	0
1.47456	1.20637	1
0.706353	1.35681	1
-1.24933	1.14906	1
0.477319	-1.10074	1
0.272357	-0.324156	0
-1.43806	0.966325	1
1.023	1.29006	1
0.494561	-1.47032	1
